1340050
1340051
1340052
1340053
1340054
1340055
1340056
1340057
1340058
1340059
1340060
1340061
1340062
1340063
1340064
1340065
1340066
1340067
1340068
1340069
1340070
1340071
1340072
1340073
1340074
1340075
1340076
1340077
1340078
1340079
1340080
1340081
1340082
1340083
1340084
1340085
1340086
1340087
1340088
1340089
1340090
1340091
1340092
1340093
1340094
1340095
1340096
1340097
1340098
1340099
1340590
1340591
1340592
1340593
1340594
1340595
1340596
1340597
1340598
1340599
1345900
1345901
1345902
1345903
1345904
1345905
1345906
1345907
1345908
1345909
1345910
1345911
1345912
1345913
1345914
1345915
1345916
1345917
1345918
1345919
1345920
1345921
1345922
1345923
1345924
1345925
1345926
1345927
1345928
1345929
1345930
1345931
1345932
1345933
1345934
1345935
1345936
1345937
1345938
1345939
1345940
1345941
1345942
1345943
1345944
1345945
1345946
1345947
1345948
1345949
1345950
1345951
1345952
1345953
1345954
1345955
1345956
1345957
1345958
1345959
1345960
1345961
1345962
1345963
1345964
1345965
1345966
1345967
1345968
1345969
1345970
1345971
1345972
1345973
1345974
1345975
1345976
1345977
1345978
1345979
1345980
1345981
1345982
1345983
1345984
1345985
1345986
1345987
1345988
1345989
1345990
1345991
1345992
1345993
1345994
1345995
1345996
1345997
1345998
1345999
1348900
1348901
1348902
1348903
1348904
1348905
1348906
1348907
1348908
1348909
1348910
1348911
1348912
1348913
1348914
1348915
1348916
1348917
1348918
1348919
1348920
1348921
1348922
1348923
1348924
1348925
1348926
1348927
1348928
1348929
1348930
1348931
1348932
1348933
1348934
1348935
1348936
1348937
1348938
1348939
1348940
1348941
1348942
1348943
1348944
1348945
1348946
1348947
1348948
1348949
1348950
1348951
1348952
1348953
1348954
1348955
1348956
1348957
1348958
1348959
1348960
1348961
1348962
1348963
1348964
1348965
1348966
1348967
1348968
1348969
1348970
1348971
1348972
1348973
1348974
1348975
1348976
1348977
1348978
1348979
1348980
1348981
1348982
1348983
1348984
1348985
1348986
1348987
1348988
1348989
1348990
1348991
1348992
1348993
1348994
1348995
1348996
1348997
1348998
1348999
1349045
1350500
1350501
1350502
1350503
1350504
1350505
1350506
1350507
1350508
1350509
1350590
1350591
1350592
1350593
1350594
1350595
1350596
1350597
1350598
1350599
1350600
1350601
1350602
1350603
1350604
1350605
1350606
1350607
1350608
1350609
1350690
1350691
1350692
1350693
1350694
1350695
1350696
1350697
1350698
1350699
1350750
1350751
1350752
1350753
1350754
1350755
1350756
1350757
1350758
1350759
1350930
1350931
1350932
1350933
1350934
1350935
1350936
1350937
1350938
1350939
1350950
1350951
1350952
1350953
1350954
1350955
1350956
1350957
1350958
1350959
1351400
1351401
1351402
1351403
1351404
1351405
1351406
1351407
1351408
1351409
1351500
1351501
1351502
1351503
1351504
1351505
1351506
1351507
1351508
1351509
1351590
1351591
1351592
1351593
1351594
1351595
1351596
1351597
1351598
1351599
1355900
1355901
1355902
1355903
1355904
1355905
1355906
1355907
1355908
1355909
1355910
1355911
1355912
1355913
1355914
1355915
1355916
1355917
1355918
1355919
1355920
1355921
1355922
1355923
1355924
1355925
1355926
1355927
1355928
1355929
1355930
1355931
1355932
1355933
1355934
1355935
1355936
1355937
1355938
1355939
1355940
1355941
1355942
1355943
1355944
1355945
1355946
1355947
1355948
1355949
1355950
1355951
1355952
1355953
1355954
1355955
1355956
1355957
1355958
1355959
1355960
1355961
1355962
1355963
1355964
1355965
1355966
1355967
1355968
1355969
1355980
1355981
1355982
1355983
1355984
1355985
1355986
1355987
1355988
1355989
1355990
1355991
1355992
1355993
1355994
1355995
1355996
1355997
1355998
1355999
1359900
1359901
1359902
1359903
1359904
1359905
1359906
1359907
1359908
1359909
1359910
1359911
1359912
1359913
1359914
1359915
1359916
1359917
1359918
1359919
1359920
1359921
1359922
1359923
1359924
1359925
1359926
1359927
1359928
1359929
1359930
1359931
1359932
1359933
1359934
1359935
1359936
1359937
1359938
1359939
1359940
1359941
1359942
1359943
1359944
1359945
1359946
1359947
1359948
1359949
1359950
1359951
1359952
1359953
1359954
1359955
1359956
1359957
1359958
1359959
1359960
1359961
1359962
1359963
1359964
1359965
1359966
1359967
1359968
1359969
1359970
1359971
1359972
1359973
1359974
1359975
1359976
1359977
1359978
1359979
1359980
1359981
1359982
1359983
1359984
1359985
1359986
1359987
1359988
1359989
1359990
1359991
1359992
1359993
1359994
1359995
1359996
1359997
1359998
1359999
1360070
1360071
1360072
1360073
1360074
1360075
1360076
1360077
1360078
1360079
1360080
1360081
1360082
1360083
1360084
1360085
1360086
1360087
1360088
1360089
1360090
1360091
1360092
1360093
1360094
1360095
1360096
1360097
1360098
1360099
1360500
1360501
1360502
1360503
1360504
1360505
1360506
1360507
1360508
1360509
1360590
1360591
1360592
1360593
1360594
1360595
1360596
1360597
1360598
1360599
1360600
1360601
1360602
1360603
1360604
1360605
1360606
1360607
1360608
1360609
1360690
1360691
1360692
1360693
1360694
1360695
1360696
1360697
1360698
1360699
1360750
1360751
1360752
1360753
1360754
1360755
1360756
1360757
1360758
1360759
1360950
1360951
1360952
1360953
1360954
1360955
1360956
1360957
1360958
1360959
1361500
1361501
1361502
1361503
1361504
1361505
1361506
1361507
1361508
1361509
1361590
1361591
1361592
1361593
1361594
1361595
1361596
1361597
1361598
1361599
1361600
1361601
1361602
1361603
1361604
1361605
1361606
1361607
1361608
1361609
1361690
1361691
1361692
1361693
1361694
1361695
1361696
1361697
1361698
1361699
1362500
1362501
1362502
1362503
1362504
1362505
1362506
1362507
1362508
1362509
1362590
1362591
1362592
1362593
1362594
1362595
1362596
1362597
1362598
1362599
1362600
1362601
1362602
1362603
1362604
1362605
1362606
1362607
1362608
1362609
1362690
1362691
1362692
1362693
1362694
1362695
1362696
1362697
1362698
1362699
1363520
1363521
1363522
1363523
1363524
1363525
1363526
1363527
1363528
1363529
1363690
1363691
1363692
1363693
1363694
1363695
1363696
1363697
1363698
1363699
1364500
1364501
1364502
1364503
1364504
1364505
1364506
1364507
1364508
1364509
1364590
1364591
1364592
1364593
1364594
1364595
1364596
1364597
1364598
1364599
1364600
1364601
1364602
1364603
1364604
1364605
1364606
1364607
1364608
1364609
1364690
1364691
1364692
1364693
1364694
1364695
1364696
1364697
1364698
1364699
1365500
1365501
1365502
1365503
1365504
1365505
1365506
1365507
1365508
1365509
1365590
1365591
1365592
1365593
1365594
1365595
1365596
1365597
1365598
1365599
1365600
1365601
1365602
1365603
1365604
1365605
1365606
1365607
1365608
1365609
1365690
1365691
1365692
1365693
1365694
1365695
1365696
1365697
1365698
1365699
1366500
1366501
1366502
1366503
1366504
1366505
1366506
1366507
1366508
1366509
1366590
1366591
1366592
1366593
1366594
1366595
1366596
1366597
1366598
1366599
1366600
1366601
1366602
1366603
1366604
1366605
1366606
1366607
1366608
1366609
1366690
1366691
1366692
1366693
1366694
1366695
1366696
1366697
1366698
1366699
1367500
1367501
1367502
1367503
1367504
1367505
1367506
1367507
1367508
1367509
1367590
1367591
1367592
1367593
1367594
1367595
1367596
1367597
1367598
1367599
1368500
1368501
1368502
1368503
1368504
1368505
1368506
1368507
1368508
1368509
1368590
1368591
1368592
1368593
1368594
1368595
1368596
1368597
1368598
1368599
1369500
1369501
1369502
1369503
1369504
1369505
1369506
1369507
1369508
1369509
1369590
1369591
1369592
1369593
1369594
1369595
1369596
1369597
1369598
1369599
1369680
1369681
1369682
1369683
1369684
1369685
1369686
1369687
1369688
1369689
1369690
1369691
1369692
1369693
1369694
1369695
1369696
1369697
1369698
1369699
1370500
1370501
1370502
1370503
1370504
1370505
1370506
1370507
1370508
1370509
1370590
1370591
1370592
1370593
1370594
1370595
1370596
1370597
1370598
1370599
1370600
1370601
1370602
1370603
1370604
1370605
1370606
1370607
1370608
1370609
1370690
1370691
1370692
1370693
1370694
1370695
1370696
1370697
1370698
1370699
1370930
1370931
1370932
1370933
1370934
1370935
1370936
1370937
1370938
1370939
1372080
1372081
1372082
1372083
1372084
1372085
1372086
1372087
1372088
1372089
1374060
1376380
1376381
1376382
1376383
1376384
1376385
1376386
1376387
1376388
1376389
1377450
1377451
1377452
1377453
1377454
1377455
1377456
1377457
1377458
1377459
1377460
1377461
1377462
1377463
1377464
1377465
1377466
1377467
1377468
1377469
1377470
1377471
1377472
1377473
1377474
1377475
1377476
1377477
1377478
1377479
1377480
1377481
1377482
1377483
1377484
1377485
1377486
1377487
1377488
1377489
1377990
1377991
1377992
1377993
1377994
1377995
1377996
1377997
1377998
1377999
1378880
1378881
1378882
1378883
1378884
1378885
1378886
1378887
1378888
1378889
1379900
1379901
1379902
1379903
1379904
1379905
1379906
1379907
1379908
1379909
1379910
1379911
1379912
1379913
1379914
1379915
1379916
1379917
1379918
1379919
1379920
1379921
1379922
1379923
1379924
1379925
1379926
1379927
1379928
1379929
1379930
1379931
1379932
1379933
1379934
1379935
1379936
1379937
1379938
1379939
1379940
1379941
1379942
1379943
1379944
1379945
1379946
1379947
1379948
1379949
1379950
1379951
1379952
1379953
1379954
1379955
1379956
1379957
1379958
1379959
1379960
1379961
1379962
1379963
1379964
1379965
1379966
1379967
1379968
1379969
1379970
1379971
1379972
1379973
1379974
1379975
1379976
1379977
1379978
1379979
1379980
1379981
1379982
1379983
1379984
1379985
1379986
1379987
1379988
1379989
1379990
1379991
1379992
1379993
1379994
1379995
1379996
1379997
1379998
1379999
1380059
1380062
1380500
1380501
1380502
1380503
1380504
1380505
1380506
1380507
1380508
1380509
1380590
1380591
1380592
1380593
1380594
1380595
1380596
1380597
1380598
1380599
1380600
1380601
1380602
1380603
1380604
1380605
1380606
1380607
1380608
1380609
1380690
1380691
1380692
1380693
1380694
1380695
1380696
1380697
1380698
1380699
1380850
1380851
1380852
1380853
1380854
1380855
1380856
1380857
1380858
1380859
1380950
1380951
1380952
1380953
1380954
1380955
1380956
1380957
1380958
1380959
1385000
1385001
1385002
1385003
1385004
1385005
1385006
1385007
1385008
1385009
1385010
1385011
1385012
1385013
1385014
1385015
1385016
1385017
1385018
1385019
1385020
1385021
1385022
1385023
1385024
1385025
1385026
1385027
1385028
1385029
1385030
1385031
1385032
1385033
1385034
1385035
1385036
1385037
1385038
1385039
1385040
1385041
1385042
1385043
1385044
1385045
1385046
1385047
1385048
1385049
1385050
1385051
1385052
1385053
1385054
1385055
1385056
1385057
1385058
1385059
1385060
1385061
1385062
1385063
1385064
1385065
1385066
1385067
1385068
1385069
1385070
1385071
1385072
1385073
1385074
1385075
1385076
1385077
1385078
1385079
1385080
1385081
1385082
1385083
1385084
1385085
1385086
1385087
1385088
1385089
1385090
1385091
1385092
1385093
1385094
1385095
1385096
1385097
1385098
1385099
1385900
1385901
1385902
1385903
1385904
1385905
1385906
1385907
1385908
1385909
1385910
1385911
1385912
1385913
1385914
1385915
1385916
1385917
1385918
1385919
1385920
1385921
1385922
1385923
1385924
1385925
1385926
1385927
1385928
1385929
1385930
1385931
1385932
1385933
1385934
1385935
1385936
1385937
1385938
1385939
1385940
1385941
1385942
1385943
1385944
1385945
1385946
1385947
1385948
1385949
1385950
1385951
1385952
1385953
1385954
1385955
1385956
1385957
1385958
1385959
1385960
1385961
1385962
1385963
1385964
1385965
1385966
1385967
1385968
1385969
1385970
1385971
1385972
1385973
1385974
1385975
1385976
1385977
1385978
1385979
1385980
1385981
1385982
1385983
1385984
1385985
1385986
1385987
1385988
1385989
1385990
1385991
1385992
1385993
1385994
1385995
1385996
1385997
1385998
1385999
1386000
1386001
1386002
1386003
1386004
1386005
1386006
1386007
1386008
1386009
1386010
1386011
1386012
1386013
1386014
1386015
1386016
1386017
1386018
1386019
1386020
1386021
1386022
1386023
1386024
1386025
1386026
1386027
1386028
1386029
1386030
1386031
1386032
1386033
1386034
1386035
1386036
1386037
1386038
1386039
1386040
1386041
1386042
1386043
1386044
1386045
1386046
1386047
1386048
1386049
1386050
1386051
1386052
1386053
1386054
1386055
1386056
1386057
1386058
1386059
1386060
1386061
1386062
1386063
1386064
1386065
1386066
1386067
1386068
1386069
1386070
1386071
1386072
1386073
1386074
1386075
1386076
1386077
1386078
1386079
1386080
1386081
1386082
1386083
1386084
1386085
1386086
1386087
1386088
1386089
1386090
1386091
1386092
1386093
1386094
1386095
1386096
1386097
1386098
1386099
1390043
1390044
1390045
1390046
1390050
1390059
1390060
1390069
1390500
1390501
1390502
1390503
1390504
1390505
1390506
1390507
1390508
1390509
1390590
1390591
1390592
1390593
1390594
1390595
1390596
1390597
1390598
1390599
1390600
1390601
1390602
1390603
1390604
1390605
1390606
1390607
1390608
1390609
1390690
1390691
1390692
1390693
1390694
1390695
1390696
1390697
1390698
1390699
1395000
1395001
1395002
1395003
1395004
1395005
1395006
1395007
1395008
1395009
1395010
1395011
1395012
1395013
1395014
1395015
1395016
1395017
1395018
1395019
1395020
1395021
1395022
1395023
1395024
1395025
1395026
1395027
1395028
1395029
1395030
1395031
1395032
1395033
1395034
1395035
1395036
1395037
1395038
1395039
1395040
1395041
1395042
1395043
1395044
1395045
1395046
1395047
1395048
1395049
1395050
1395051
1395052
1395053
1395054
1395055
1395056
1395057
1395058
1395059
1395060
1395061
1395062
1395063
1395064
1395065
1395066
1395067
1395068
1395069
1395070
1395071
1395072
1395073
1395074
1395075
1395076
1395077
1395078
1395079
1395080
1395081
1395082
1395083
1395084
1395085
1395086
1395087
1395088
1395089
1395090
1395091
1395092
1395093
1395094
1395095
1395096
1395097
1395098
1395099
1395900
1395901
1395902
1395903
1395904
1395905
1395906
1395907
1395908
1395909
1395910
1395911
1395912
1395913
1395914
1395915
1395916
1395917
1395918
1395919
1395920
1395921
1395922
1395923
1395924
1395925
1395926
1395927
1395928
1395929
1395930
1395931
1395932
1395933
1395934
1395935
1395936
1395937
1395938
1395939
1395940
1395941
1395942
1395943
1395944
1395945
1395946
1395947
1395948
1395949
1395950
1395951
1395952
1395953
1395954
1395955
1395956
1395957
1395958
1395959
1395960
1395961
1395962
1395963
1395964
1395965
1395966
1395967
1395968
1395969
1395970
1395971
1395972
1395973
1395974
1395975
1395976
1395977
1395978
1395979
1395980
1395981
1395982
1395983
1395984
1395985
1395986
1395987
1395988
1395989
1395990
1395991
1395992
1395993
1395994
1395995
1395996
1395997
1395998
1395999
1396000
1396001
1396002
1396003
1396004
1396005
1396006
1396007
1396008
1396009
1396010
1396011
1396012
1396013
1396014
1396015
1396016
1396017
1396018
1396019
1396020
1396021
1396022
1396023
1396024
1396025
1396026
1396027
1396028
1396029
1396030
1396031
1396032
1396033
1396034
1396035
1396036
1396037
1396038
1396039
1396040
1396041
1396042
1396043
1396044
1396045
1396046
1396047
1396048
1396049
1396050
1396051
1396052
1396053
1396054
1396055
1396056
1396057
1396058
1396059
1396060
1396061
1396062
1396063
1396064
1396065
1396066
1396067
1396068
1396069
1396070
1396071
1396072
1396073
1396074
1396075
1396076
1396077
1396078
1396079
1396080
1396081
1396082
1396083
1396084
1396085
1396086
1396087
1396088
1396089
1396090
1396091
1396092
1396093
1396094
1396095
1396096
1396097
1396098
1396099
1470000
1470001
1470002
1470003
1470004
1470005
1470006
1470007
1470008
1470009
1470500
1470501
1470502
1470503
1470504
1470505
1470506
1470507
1470508
1470509
1470590
1470591
1470592
1470593
1470594
1470595
1470596
1470597
1470598
1470599
1475681
1475682
1475683
1475684
1475685
1475686
1475687
1475688
1475689
1475690
1475691
1475692
1475693
1475694
1475695
1475696
1475697
1475698
1475699
1475900
1475901
1475902
1475903
1475904
1475905
1475906
1475907
1475908
1475909
1475910
1475911
1475912
1475913
1475914
1475915
1475916
1475917
1475918
1475919
1475920
1475921
1475922
1475923
1475924
1475925
1475926
1475927
1475928
1475929
1475930
1475931
1475932
1475933
1475934
1475935
1475936
1475937
1475938
1475939
1475940
1475941
1475942
1475943
1475944
1475945
1475946
1475947
1475948
1475949
1475950
1475951
1475952
1475953
1475954
1475955
1475956
1475957
1475958
1475959
1475960
1475961
1475962
1475963
1475964
1475965
1475966
1475967
1475968
1475969
1475970
1475971
1475972
1475973
1475974
1475975
1475976
1475977
1475978
1475979
1475980
1475981
1475982
1475983
1475984
1475985
1475986
1475987
1475988
1475989
1475990
1475991
1475992
1475993
1475994
1475995
1475996
1475997
1475998
1475999
1476000
1476001
1476002
1476003
1476004
1476005
1476006
1476007
1476008
1476009
1476010
1476011
1476012
1476013
1476014
1476015
1476016
1476017
1476018
1476019
1476020
1476021
1476022
1476023
1476024
1476025
1476026
1476027
1476028
1476029
1476030
1476031
1476032
1476033
1476034
1476035
1476036
1476037
1476038
1476039
1476547
1476548
1476549
1476550
1476572
1476573
1476670
1476671
1476672
1476673
1476674
1476675
1476676
1476677
1476678
1476679
1476680
1476681
1476682
1476683
1500500
1500501
1500502
1500503
1500504
1500505
1500506
1500507
1500508
1500509
1500590
1500591
1500592
1500593
1500594
1500595
1500596
1500597
1500598
1500599
1500600
1500601
1500602
1500603
1500604
1500605
1500606
1500607
1500608
1500609
1505900
1505901
1505902
1505903
1505904
1505905
1505906
1505907
1505908
1505909
1505910
1505911
1505912
1505913
1505914
1505915
1505916
1505917
1505918
1505919
1505920
1505921
1505922
1505923
1505924
1505925
1505926
1505927
1505928
1505929
1505930
1505931
1505932
1505933
1505934
1505935
1505936
1505937
1505938
1505939
1505940
1505941
1505942
1505943
1505944
1505945
1505946
1505947
1505948
1505949
1505950
1505951
1505952
1505953
1505954
1505955
1505956
1505957
1505958
1505959
1505960
1505961
1505962
1505963
1505964
1505965
1505966
1505967
1505968
1505969
1505970
1505971
1505972
1505973
1505974
1505975
1505976
1505977
1505978
1505979
1505980
1505981
1505982
1505983
1505984
1505985
1505986
1505987
1505988
1505989
1505990
1505991
1505992
1505993
1505994
1505995
1505996
1505997
1505998
1505999
1506000
1506001
1506002
1506003
1506004
1506005
1506006
1506007
1506008
1506009
1506010
1506011
1506012
1506013
1506014
1506015
1506016
1506017
1506018
1506019
1506020
1506021
1506022
1506023
1506024
1506025
1506026
1506027
1506028
1506029
1506030
1506031
1506032
1506033
1506034
1506035
1506036
1506037
1506038
1506039
1506040
1506041
1506042
1506043
1506044
1506045
1506046
1506047
1506048
1506049
1506050
1506051
1506052
1506053
1506054
1506055
1506056
1506057
1506058
1506059
1506060
1506061
1506062
1506063
1506064
1506065
1506066
1506067
1506068
1506069
1506070
1506071
1506072
1506073
1506074
1506075
1506076
1506077
1506078
1506079
1506080
1506081
1506082
1506083
1506084
1506085
1506086
1506087
1506088
1506089
1506090
1506091
1506092
1506093
1506094
1506095
1506096
1506097
1506098
1506099
1508000
1508001
1508002
1508003
1508004
1508005
1508006
1508007
1508008
1508009
1508010
1508011
1508012
1508013
1508014
1508015
1508016
1508017
1508018
1508019
1508020
1508021
1508022
1508023
1508024
1508025
1508026
1508027
1508028
1508029
1508030
1508031
1508032
1508033
1508034
1508035
1508036
1508037
1508038
1508039
1508040
1508041
1508042
1508043
1508044
1508045
1508046
1508047
1508048
1508049
1508050
1508051
1508052
1508053
1508054
1508055
1508056
1508057
1508058
1508059
1510500
1510501
1510502
1510503
1510504
1510505
1510506
1510507
1510508
1510509
1510590
1510591
1510592
1510593
1510594
1510595
1510596
1510597
1510598
1510599
1510600
1510601
1510602
1510603
1510604
1510605
1510606
1510607
1510608
1510609
1515900
1515901
1515902
1515903
1515904
1515905
1515906
1515907
1515908
1515909
1515910
1515911
1515912
1515913
1515914
1515915
1515916
1515917
1515918
1515919
1515920
1515921
1515922
1515923
1515924
1515925
1515926
1515927
1515928
1515929
1515930
1515931
1515932
1515933
1515934
1515935
1515936
1515937
1515938
1515939
1515940
1515941
1515942
1515943
1515944
1515945
1515946
1515947
1515948
1515949
1515950
1515951
1515952
1515953
1515954
1515955
1515956
1515957
1515958
1515959
1515960
1515961
1515962
1515963
1515964
1515965
1515966
1515967
1515968
1515969
1515970
1515971
1515972
1515973
1515974
1515975
1515976
1515977
1515978
1515979
1515980
1515981
1515982
1515983
1515984
1515985
1515986
1515987
1515988
1515989
1515990
1515991
1515992
1515993
1515994
1515995
1515996
1515997
1515998
1515999
1516000
1516001
1516002
1516003
1516004
1516005
1516006
1516007
1516008
1516009
1516010
1516011
1516012
1516013
1516014
1516015
1516016
1516017
1516018
1516019
1516020
1516021
1516022
1516023
1516024
1516025
1516026
1516027
1516028
1516029
1516030
1516031
1516032
1516033
1516034
1516035
1516036
1516037
1516038
1516039
1516040
1516041
1516042
1516043
1516044
1516045
1516046
1516047
1516048
1516049
1516050
1516051
1516052
1516053
1516054
1516055
1516056
1516057
1516058
1516059
1516060
1516061
1516062
1516063
1516064
1516065
1516066
1516067
1516068
1516069
1516070
1516071
1516072
1516073
1516074
1516075
1516076
1516077
1516078
1516079
1570591
1570592
1571060
1571061
1571062
1571063
1571064
1571065
1571066
1571067
1571068
1571069
1571150
1571151
1571152
1571153
1571154
1571155
1571156
1571157
1571158
1571159
1580500
1580501
1580502
1580503
1580504
1580505
1580506
1580507
1580508
1580509
1580590
1580591
1580592
1580593
1580594
1580595
1580596
1580597
1580598
1580599
1580600
1580601
1580602
1580603
1580604
1580605
1580606
1580607
1580608
1580609
1585900
1585901
1585902
1585903
1585904
1585905
1585906
1585907
1585908
1585909
1585910
1585911
1585912
1585913
1585914
1585915
1585916
1585917
1585918
1585919
1585920
1585921
1585922
1585923
1585924
1585925
1585926
1585927
1585928
1585929
1585930
1585931
1585932
1585933
1585934
1585935
1585936
1585937
1585938
1585939
1585940
1585941
1585942
1585943
1585944
1585945
1585946
1585947
1585948
1585949
1585950
1585951
1585952
1585953
1585954
1585955
1585956
1585957
1585958
1585959
1585960
1585961
1585962
1585963
1585964
1585965
1585966
1585967
1585968
1585969
1585970
1585971
1585972
1585973
1585974
1585975
1585976
1585977
1585978
1585979
1585980
1585981
1585982
1585983
1585984
1585985
1585986
1585987
1585988
1585989
1585990
1585991
1585992
1585993
1585994
1585995
1585996
1585997
1585998
1585999
1586000
1586001
1586002
1586003
1586004
1586005
1586006
1586007
1586008
1586009
1586010
1586011
1586012
1586013
1586014
1586015
1586016
1586017
1586018
1586019
1586020
1586021
1586022
1586023
1586024
1586025
1586026
1586027
1586028
1586029
1586030
1586031
1586032
1586033
1586034
1586035
1586036
1586037
1586038
1586039
1586040
1586041
1586042
1586043
1586044
1586045
1586046
1586047
1586048
1586049
1586050
1586051
1586052
1586053
1586054
1586055
1586056
1586057
1586058
1586059
1586060
1586061
1586062
1586063
1586064
1586065
1586066
1586067
1586068
1586069
1586070
1586071
1586072
1586073
1586074
1586075
1586076
1586077
1586078
1586079
1586080
1586081
1586082
1586083
1586084
1586085
1586086
1586087
1586088
1586089
1586090
1586091
1586092
1586093
1586094
1586095
1586096
1586097
1586098
1586099
1588000
1588001
1588002
1588003
1588004
1588005
1588006
1588007
1588008
1588009
1588010
1588011
1588012
1588013
1588014
1588015
1588016
1588017
1588018
1588019
1588020
1588021
1588022
1588023
1588024
1588025
1588026
1588027
1588028
1588029
1588030
1588031
1588032
1588033
1588034
1588035
1588036
1588037
1588038
1588039
1588040
1588041
1588042
1588043
1588044
1588045
1588046
1588047
1588048
1588049
1588050
1588051
1588052
1588053
1588054
1588055
1588056
1588057
1588058
1588059
1588060
1588061
1588062
1588063
1588064
1588065
1588066
1588067
1588068
1588069
1588070
1588071
1588072
1588073
1588074
1588075
1588076
1588077
1588078
1588079
1588080
1588081
1588082
1588083
1588084
1588085
1588086
1588087
1588088
1588089
1588090
1588091
1588092
1588093
1588094
1588095
1588096
1588097
1588098
1588099
1589200
1589201
1589202
1589203
1589204
1589205
1589206
1589207
1589208
1589209
1589210
1589211
1589212
1589213
1589214
1589215
1589216
1589217
1589218
1589219
1590500
1590501
1590502
1590503
1590504
1590505
1590506
1590507
1590508
1590509
1590590
1590591
1590592
1590593
1590594
1590595
1590596
1590597
1590598
1590599
1590600
1590601
1590602
1590603
1590604
1590605
1590606
1590607
1590608
1590609
1595900
1595901
1595902
1595903
1595904
1595905
1595906
1595907
1595908
1595909
1595910
1595911
1595912
1595913
1595914
1595915
1595916
1595917
1595918
1595919
1595920
1595921
1595922
1595923
1595924
1595925
1595926
1595927
1595928
1595929
1595930
1595931
1595932
1595933
1595934
1595935
1595936
1595937
1595938
1595939
1595940
1595941
1595942
1595943
1595944
1595945
1595946
1595947
1595948
1595949
1595950
1595951
1595952
1595953
1595954
1595955
1595956
1595957
1595958
1595959
1595960
1595961
1595962
1595963
1595964
1595965
1595966
1595967
1595968
1595969
1595970
1595971
1595972
1595973
1595974
1595975
1595976
1595977
1595978
1595979
1595980
1595981
1595982
1595983
1595984
1595985
1595986
1595987
1595988
1595989
1595990
1595991
1595992
1595993
1595994
1595995
1595996
1595997
1595998
1595999
1596000
1596001
1596002
1596003
1596004
1596005
1596006
1596007
1596008
1596009
1596010
1596011
1596012
1596013
1596014
1596015
1596016
1596017
1596018
1596019
1596020
1596021
1596022
1596023
1596024
1596025
1596026
1596027
1596028
1596029
1596030
1596031
1596032
1596033
1596034
1596035
1596036
1596037
1596038
1596039
1596040
1596041
1596042
1596043
1596044
1596045
1596046
1596047
1596048
1596049
1596050
1596051
1596052
1596053
1596054
1596055
1596056
1596057
1596058
1596059
1596060
1596061
1596062
1596063
1596064
1596065
1596066
1596067
1596068
1596069
1596070
1596071
1596072
1596073
1596074
1596075
1596076
1596077
1596078
1596079
1596080
1596081
1596082
1596083
1596084
1596085
1596086
1596087
1596088
1596089
1596090
1596091
1596092
1596093
1596094
1596095
1596096
1596097
1596098
1596099
1598000
1598001
1598002
1598003
1598004
1598005
1598006
1598007
1598008
1598009
1598010
1598011
1598012
1598013
1598014
1598015
1598016
1598017
1598018
1598019
1598020
1598021
1598022
1598023
1598024
1598025
1598026
1598027
1598028
1598029
1598030
1598031
1598032
1598033
1598034
1598035
1598036
1598037
1598038
1598039
1598040
1598041
1598042
1598043
1598044
1598045
1598046
1598047
1598048
1598049
1598050
1598051
1598052
1598053
1598054
1598055
1598056
1598057
1598058
1598059
1598060
1598061
1598062
1598063
1598064
1598065
1598066
1598067
1598068
1598069
1598070
1598071
1598072
1598073
1598074
1598075
1598076
1598077
1598078
1598079
1598080
1598081
1598082
1598083
1598084
1598085
1598086
1598087
1598088
1598089
1598090
1598091
1598092
1598093
1598094
1598095
1598096
1598097
1598098
1598099
1598570
1598571
1598572
1598573
1598574
1598575
1598576
1598577
1598578
1598579
1598580
1598581
1598582
1598583
1598584
1598585
1598586
1598587
1598588
1598589
1598590
1598591
1598592
1598593
1598594
1598595
1598596
1598597
1598598
1598599
1525960
1525961
1525962
1525963
1525964
1525965
1525966
1525967
1525968
1525969
1526000
1526001
1526002
1526003
1526004
1526005
1526006
1526007
1526008
1526009
1526010
1526011
1526012
1526013
1526014
1526015
1526016
1526017
1526018
1526019
1526050
1526051
1526052
1526053
1526054
1526055
1526056
1526057
1526058
1526059
1526060
1526061
1526062
1526063
1526064
1526065
1526066
1526067
1526068
1526069
1528060
1528061
1528062
1528063
1528064
1525920
1525921
1525922
1525923
1525924
1525925
1525926
1525927
1525928
1525929
1526020
1526021
1526022
1526023
1526024
1528020
1528021
1528022
1528023
1528024
1528025
1528026
1528027
1528028
1528029
1525980
1525981
1525982
1525983
1525984
1525985
1525986
1525987
1525988
1525989
1528055
1528056
1528057
1528058
1528059
1528070
1528071
1528072
1528073
1528074
1525940
1525941
1525942
1525943
1525944
1525945
1525946
1525947
1525948
1525949
1525950
1525951
1525952
1525953
1525954
1525955
1525956
1525957
1525958
1525959
1525970
1525971
1525972
1525973
1525974
1525975
1525976
1525977
1525978
1525979
1526030
1526031
1526032
1526033
1526034
1526035
1526036
1526037
1526038
1526039
1526040
1526041
1526042
1526043
1526044
1526045
1526046
1526047
1526048
1526049
1526070
1526071
1526072
1526073
1526074
1526075
1526076
1526077
1526078
1526079
1526080
1526081
1526082
1526083
1526084
1526085
1526086
1526087
1526088
1526089
1528045
1528046
1528047
1528048
1528049
1528085
1528086
1528087
1528088
1528089
1529450
1529451
1529452
1529453
1529454
1529455
1529456
1529457
1529458
1529459
1520590
1520591
1520592
1520593
1520594
1520595
1520596
1520597
1520598
1520599
1526025
1526026
1526027
1526028
1526029
1526090
1526091
1526092
1526093
1526094
1526095
1526096
1526097
1526098
1526099
1525905
1525906
1525907
1525908
1525909
1525930
1525931
1525932
1525933
1525934
1525935
1525936
1525937
1525938
1525939
1528030
1528031
1528032
1528033
1528034
1528065
1528066
1528067
1528068
1528069
1525990
1525991
1525992
1525993
1525994
1525995
1525996
1525997
1525998
1525999
1528050
1528051
1528052
1528053
1528054
1528075
1528076
1528077
1528078
1528079
1520600
1520601
1520602
1520603
1520604
1520605
1520606
1520607
1520608
1520609
1525900
1525901
1525902
1525903
1525904
1528035
1528036
1528037
1528038
1528039
1528080
1528081
1528082
1528083
1528084
1520500
1520501
1520502
1520503
1520504
1520505
1520506
1520507
1520508
1520509
1525910
1525911
1525912
1525913
1525914
1525915
1525916
1525917
1525918
1525919
1528000
1528001
1528002
1528003
1528004
1528005
1528006
1528007
1528008
1528009
1528010
1528011
1528012
1528013
1528014
1528015
1528016
1528017
1528018
1528019
1528040
1528041
1528042
1528043
1528044
1825020
1825021
1825022
1825023
1825024
1825065
1825066
1825067
1825068
1825069
1825960
1825961
1825962
1825963
1825964
1825965
1825966
1825967
1825968
1825969
1820590
1820591
1820592
1820593
1820594
1820595
1820596
1820597
1820598
1820599
1820605
1820606
1820607
1820608
1820609
1825070
1825071
1825072
1825073
1825074
1825075
1825076
1825077
1825078
1825079
1825080
1825081
1825082
1825083
1825084
1825085
1825086
1825087
1825088
1825089
1825920
1825921
1825922
1825923
1825924
1825925
1825926
1825927
1825928
1825929
1825940
1825941
1825942
1825943
1825944
1825945
1825946
1825947
1825948
1825949
1825055
1825056
1825057
1825058
1825059
1825970
1825971
1825972
1825973
1825974
1825975
1825976
1825977
1825978
1825979
1825980
1825981
1825982
1825983
1825984
1825985
1825986
1825987
1825988
1825989
1825025
1825026
1825027
1825028
1825029
1825040
1825041
1825042
1825043
1825044
1825060
1825061
1825062
1825063
1825064
1825950
1825951
1825952
1825953
1825954
1825955
1825956
1825957
1825958
1825959
1820600
1820601
1820602
1820603
1820604
1825050
1825051
1825052
1825053
1825054
1825090
1825091
1825092
1825093
1825094
1825935
1825936
1825937
1825938
1825939
1825095
1825096
1825097
1825098
1825099
1825930
1825931
1825932
1825933
1825934
1825990
1825991
1825992
1825993
1825994
1825995
1825996
1825997
1825998
1825999
1825000
1825001
1825002
1825003
1825004
1825005
1825006
1825007
1825008
1825009
1825010
1825011
1825012
1825013
1825014
1825035
1825036
1825037
1825038
1825039
1825015
1825016
1825017
1825018
1825019
1825030
1825031
1825032
1825033
1825034
1825045
1825046
1825047
1825048
1825049
1825900
1825901
1825902
1825903
1825904
1825905
1825906
1825907
1825908
1825909
1825910
1825911
1825912
1825913
1825914
1825915
1825916
1825917
1825918
1825919
1870596
1875960
1875961
1875962
1875963
1875964
1875965
1875966
1875967
1875968
1875969
1875975
1875976
1875977
1875978
1875979
1876030
1876031
1876032
1876033
1876034
1876035
1876036
1876037
1876038
1876039
1876045
1876046
1876047
1876048
1876049
1876060
1876061
1876062
1876063
1876064
1876065
1876066
1876067
1876068
1876069
1870592
1875020
1875021
1875022
1875023
1875024
1875025
1875026
1875027
1875028
1875029
1875090
1875091
1875092
1875093
1875094
1875920
1875921
1875922
1875923
1875924
1875925
1875926
1875927
1875928
1875929
1870598
1875080
1875081
1875082
1875083
1875084
1875085
1875086
1875087
1875088
1875089
1875970
1875971
1875972
1875973
1875974
1875980
1875981
1875982
1875983
1875984
1875985
1875986
1875987
1875988
1875989
1876025
1876026
1876027
1876028
1876029
1870595
1875040
1875041
1875042
1875043
1875044
1875045
1875046
1875047
1875048
1875049
1875050
1875051
1875052
1875053
1875054
1875055
1875056
1875057
1875058
1875059
1875060
1875061
1875062
1875063
1875064
1875065
1875066
1875067
1875068
1875069
1875940
1875941
1875942
1875943
1875944
1875945
1875946
1875947
1875948
1875949
1875950
1875951
1875952
1875953
1875954
1875955
1875956
1875957
1875958
1875959
1875990
1875991
1875992
1875993
1875994
1875995
1875996
1875997
1875998
1875999
1870594
1875000
1875001
1875002
1875003
1875004
1875005
1875006
1875007
1875008
1875009
1876050
1876051
1876052
1876053
1876054
1876055
1876056
1876057
1876058
1876059
1870593
1875030
1875031
1875032
1875033
1875034
1875035
1875036
1875037
1875038
1875039
1875930
1875931
1875932
1875933
1875934
1875935
1875936
1875937
1875938
1875939
1876020
1876021
1876022
1876023
1876024
1870599
1870600
1870601
1870602
1870603
1870604
1870605
1870606
1870607
1870608
1870609
1875095
1875096
1875097
1875098
1875099
1870597
1875900
1875901
1875902
1875903
1875904
1875905
1875906
1875907
1875908
1875909
1876000
1876001
1876002
1876003
1876004
1876005
1876006
1876007
1876008
1876009
1876010
1876011
1876012
1876013
1876014
1876015
1876016
1876017
1876018
1876019
1870500
1870501
1870502
1870503
1870504
1870505
1870506
1870507
1870508
1870509
1870590
1870591
1875010
1875011
1875012
1875013
1875014
1875015
1875016
1875017
1875018
1875019
1875070
1875071
1875072
1875073
1875074
1875075
1875076
1875077
1875078
1875079
1875910
1875911
1875912
1875913
1875914
1875915
1875916
1875917
1875918
1875919
1876040
1876041
1876042
1876043
1876044
1885910
1885911
1885912
1885913
1885914
1885915
1885916
1885917
1885918
1885919
1885920
1885921
1885922
1885923
1885924
1885925
1885926
1885927
1885928
1885099
1885929
1880504
1880594
1885090
1885091
1885092
1885093
1885094
1885095
1885096
1885097
1885098
1571507
1571508
1571509
1835900
1835901
1835902
1835903
1835904
1839600
1839601
1839602
1839603
1839604
1839605
1839606
1839607
1839608
1839609
1835040
1835041
1835042
1835043
1835044
1575935
1575936
1575937
1575938
1575939
1575990
1575991
1575992
1575993
1575994
1845940
1845941
1845942
1845943
1845944
1845945
1845946
1845947
1845948
1845949
1845015
1845016
1845017
1845018
1845019
1845090
1845091
1845092
1845093
1845094
1785900
1785916
1785917
1785922
1785066
1785067
1785068
1785069
1785932
1785940
1785020
1785021
1785022
1784290
1784291
1784292
1788030
1789189
1980590
1980594
1571500
1571501
1571502
1575930
1575931
1575932
1575933
1575934
1785057
1785058
1785059
1789593
1835030
1835031
1835032
1835033
1835034
1835035
1835036
1835037
1835038
1835039
1835935
1835936
1835937
1835938
1835939
1839640
1839641
1839642
1839643
1839644
1845930
1845931
1845932
1845933
1845934
1845935
1845936
1845937
1845938
1845939
1880503
1880593
1885930
1885931
1885932
1885933
1885934
1885935
1885936
1885937
1885938
1885939