1345905
1345906
1345907
1345908
1345909
1351404
1351405
1351592
1351593
1355938
1355939
1355980
1355981
1355982
1359900
1359901
1359902
1359945
1359946
1359947
1359948
1359949
1359955
1359985
1359986
1359987
1359988
1359989
1360750
1360751
1360752
1360753
1360754
1361593
1361598
1361599
1362690
1362691
1362692
1362693
1364698
1364699
1365698
1365699
1366690
1366691
1366692
1366693
1366694
1370605
1370606
1370607
1370608
1370609
1379900
1379901
1379960
1379961
1379962
1379963
1379964
1379965
1379966
1379967
1379968
1379969
1380856
1380857
1380858
1380859
1385020
1385021
1385022
1385023
1385024
1385025
1385026
1385027
1385028
1385029
1385980
1385981
1385982
1385983
1385984
1385985
1385986
1385987
1385988
1385989
1386090
1386091
1386092
1386093
1386094
1386095
1386096
1386097
1386098
1386099
1390504
1390594
1395070
1395071
1395072
1395073
1395074
1395075
1395076
1395077
1395078
1395079
1395950
1395951
1395952
1395953
1395954
1395955
1395956
1395957
1395958
1395959
1475940
1475941
1475942
1475943
1475944
1475945
1475946
1475947
1475948
1475949
1506030
1506031
1506032
1506033
1506034
1506035
1506036
1506037
1506038
1506039
1508010
1508011
1508012
1508013
1508014
1508015
1508016
1508017
1508018
1508019
1508035
1508036
1508037
1508038
1508039
1510590
1510591
1510592
1510593
1510594
1516020
1516021
1516022
1516023
1516024
1516025
1516026
1516027
1516028
1516029
1516045
1516046
1516047
1516048
1516049
1520590
1520591
1520592
1520593
1520594
1520595
1520596
1520597
1520598
1520599
1526025
1526026
1526027
1526028
1526029
1526090
1526091
1526092
1526093
1526094
1526095
1526096
1526097
1526098
1526099
1571507
1571508
1571509
1586000
1586001
1586002
1586003
1586004
1586005
1586006
1586007
1586008
1586009
1588030
1588031
1588032
1588033
1588034
1589205
1589206
1589207
1589208
1589209
1595940
1595941
1595942
1595943
1596050
1596051
1596052
1596053
1596054
1598034
1598035
1598036
1820600
1820601
1820602
1820603
1820604
1870594
1875000
1875001
1875002
1875003
1875004
1875005
1875006
1875007
1875008
1875009
1876050
1876051
1876052
1876053
1876054
1876055
1876056
1876057
1876058
1876059
1880504
1880594
1885090
1885091
1885092
1885093
1885094
1885095
1885096
1885097
1885098
1885099