1390503
1395050
1395052
1395054
1395056
1395058
1395930
1395932
1395934
1395936
1395938
1395940
1395942
1395944
1395093
1395051
1395053
1395055
1395057
1395059
1395931
1395933
1395935
1395937
1395939
1395941
1395943
1380956
1380957
1385030
1385031
1385032
1385033
1385034
1385035
1385036
1385037
1385038
1385039
1385960
1385961
1385962
1385963
1385964
1385965
1385966
1385967
1385968
1385969
1386030
1386031
1386032
1386033
1386034
1386035
1386036
1386037
1386038
1386039
1370602
1370603
1370604
1370692
1370693
1377477
1377478
1377479
1379980
1379990
1361607
1361608
1361609
1362697
1362698
1362699
1363520
1363521
1364694
1364695
1365694
1365695
1368505
1368506
1368507
1368508
1368509
1350955
1350956
1350957
1350958
1350959
1351506
1351507
1355900
1355901
1355960
1355961
1355990
1355991
1359918
1359919
1359980
1359981
1359982
1359983
1359984
1345930
1345931
1345932
1345933
1345934
1345935
1345936
1345937
1345938
1345939
1505925
1505926
1505927
1505928
1505929
1505930
1505931
1505932
1505933
1505934
1505935
1505936
1505937
1505938
1505939
1506020
1506021
1506022
1506023
1506024
1506025
1506026
1506027
1506028
1506029
1515930
1515931
1515932
1515933
1515934
1515935
1515936
1515937
1515938
1515939
1515940
1515941
1515942
1515943
1515944
1516010
1516011
1516012
1516013
1516014
1516015
1516016
1516017
1516018
1516019
1516055
1516056
1516057
1516058
1516059
1525905
1525906
1525907
1525908
1525909
1525930
1525931
1525932
1525933
1525934
1525935
1525936
1525937
1525938
1525939
1528030
1528031
1528032
1528033
1528034
1528065
1528066
1528067
1528068
1528069
1571500
1571501
1571502
1575930
1575931
1575932
1575933
1575934
1585930
1585931
1585932
1585933
1585934
1585935
1585936
1585937
1585938
1585939
1586065
1586066
1586067
1586068
1586069
1589210
1589211
1589212
1589213
1589214
1595930
1595931
1595932
1595933
1596045
1596046
1596047
1596048
1596049
1598037
1598038
1598039
1785903
1825090
1825091
1825092
1825093
1825094
1825035
1825036
1825037
1825038
1825039
1835030
1835031
1835032
1835033
1835034
1835035
1835036
1835037
1835038
1835039
1835935
1835936
1835937
1835938
1835939
1839640
1839641
1839642
1839643
1839644
1845930
1845931
1845932
1845933
1845934
1845935
1845936
1845937
1845938
1845939
1870593
1875030
1875031
1875032
1875033
1875034
1875035
1875036
1875037
1875038
1875039
1875930
1875931
1875932
1875933
1875934
1875935
1875936
1875937
1875938
1875939
1876020
1876021
1876022
1876023
1876024
1880503
1880593
1885930
1885931
1885932
1885933
1885934
1885935
1885936
1885937
1885938
1885939
1475930
1475931
1475932
1475933
1475934
1475935
1475936
1475937
1475938
1475939
1476005
1476006
1476007
1476008
1476009
1390593